; checkerboard v2, fiducials extracted from 3d scan on 25.08.22, refined on 27.08.22
[fiducial0]
x=59.52
y=-19.27
z=-65.09
[fiducial1]
x=64.33501929
y=-19.65256294
z=-38.78839018
[fiducial2]
x=101.51682006
y=-19.3208646
z=-47.73162703
[fiducial3]
x=84.43035974
y=-24.45633481
z=-4.55184141
[fiducial4]
x=121.31407968
y=-19.25968254
z=-24.73528512
[geometry]
count=5
id=102
